10
Ермалюк
Петр
Сергеевич
2
3
2004
М
22Б1340
2022
ИКБ
КБ-1
БББО-05-22
 
 
0
 
 
 
0
 
 
 
0
 
 
 
0
 
 
 
0
 
 
 
0
 
 
 
0
 
 
 
0
 
 
 
0
 
 
 
0
 
 
 
0
 
 
 
0
 
 
 
0
 
 
 
0
 
 
 
0
 
 
 
0
 
 
 
0
 
 
 
0
 
 
 
0
 
 
 
0
 
 
 
0
 
 
 
0
 
 
 
0
 
 
 
0
 
 
 
0
 
 
 
0
 
 
 
0
 
 
 
0
 
 
 
0
 
 
 
0
 
 
 
0
 
 
 
0
 
 
 
0
 
 
 
0
 
 
 
0
 
 
 
0
 
 
 
0
 
 
 
0
 
 
 
0
 
 
 
0
 
 
 
0
 
 
 
0
 
 
 
0
 
 
 
0
 
 
 
0
 
 
 
0
 
 
 
0
 
 
 
0
 
 
 
0
 
 
 
0
 
 
 
0
 
 
 
0
 
 
 
0
 
 
 
0
 
 
 
0
 
 
 
0
 
 
 
0
 
 
 
0
 
 
 
0
 
 
 
0
 
 
 
0
 
 
 
0
 
 
 
0
 
 
 
0
 
 
 
0
 
 
 
0
 
 
 
0
 
 
 
0
 
 
 
0
 
 
 
0
 
 
 
0
 
 
 
0
 
 
 
0
 
 
 
0
 
 
 
0
 
 
 
0
 
 
 
0
 
 
 
0
 
 
 
0
 
 
 
0
 
 
 
0
 
 
 
0
 
 
 
0
 
 
 
0
 
 
 
0
 
 
 
0
 
 
 
0
 
 
 
0
 
 
 
0
 
 
 
0
 
Гарнагин
Денис
Тиграновиич
4
9
2004
М
22Б0147
2022
ИКБ
КБ-1
БББО-05-22
 
 
0
 
 
 
0
 
 
 
0
 
 
 
0
 
 
 
0
 
 
 
0
 
 
 
0
 
 
 
0
 
 
 
0
 
 
 
0
 
 
 
0
 
 
 
0
 
 
 
0
 
 
 
0
 
 
 
0
 
 
 
0
 
 
 
0
 
 
 
0
 
 
 
0
 
 
 
0
 
 
 
0
 
 
 
0
 
 
 
0
 
 
 
0
 
 
 
0
 
 
 
0
 
 
 
0
 
 
 
0
 
 
 
0
 
 
 
0
 
 
 
0
 
 
 
0
 
 
 
0
 
 
 
0
 
 
 
0
 
 
 
0
 
 
 
0
 
 
 
0
 
 
 
0
 
 
 
0
 
 
 
0
 
 
 
0
 
 
 
0
 
 
 
0
 
 
 
0
 
 
 
0
 
 
 
0
 
 
 
0
 
 
 
0
 
 
 
0
 
 
 
0
 
 
 
0
 
 
 
0
 
 
 
0
 
 
 
0
 
 
 
0
 
 
 
0
 
 
 
0
 
 
 
0
 
 
 
0
 
 
 
0
 
 
 
0
 
 
 
0
 
 
 
0
 
 
 
0
 
 
 
0
 
 
 
0
 
 
 
0
 
 
 
0
 
 
 
0
 
 
 
0
 
 
 
0
 
 
 
0
 
 
 
0
 
 
 
0
 
 
 
0
 
 
 
0
 
 
 
0
 
 
 
0
 
 
 
0
 
 
 
0
 
 
 
0
 
 
 
0
 
 
 
0
 
 
 
0
 
 
 
0
 
 
 
0
 
 
 
0
 
 
 
0
 
 
 
0
 
Вильчинский
Даниил
Викторович
4
3
2004
М
22Б0144
2022
ИКб
Кб-1
БББО-05-22
 
 
0
 
 
 
0
 
 
 
0
 
 
 
0
 
 
 
0
 
 
 
0
 
 
 
0
 
 
 
0
 
 
 
0
 
 
 
0
 
 
 
0
 
 
 
0
 
 
 
0
 
 
 
0
 
 
 
0
 
 
 
0
 
 
 
0
 
 
 
0
 
 
 
0
 
 
 
0
 
 
 
0
 
 
 
0
 
 
 
0
 
 
 
0
 
 
 
0
 
 
 
0
 
 
 
0
 
 
 
0
 
 
 
0
 
 
 
0
 
 
 
0
 
 
 
0
 
 
 
0
 
 
 
0
 
 
 
0
 
 
 
0
 
 
 
0
 
 
 
0
 
 
 
0
 
 
 
0
 
 
 
0
 
 
 
0
 
 
 
0
 
 
 
0
 
 
 
0
 
 
 
0
 
 
 
0
 
 
 
0
 
 
 
0
 
 
 
0
 
 
 
0
 
 
 
0
 
 
 
0
 
 
 
0
 
 
 
0
 
 
 
0
 
 
 
0
 
 
 
0
 
 
 
0
 
 
 
0
 
 
 
0
 
 
 
0
 
 
 
0
 
 
 
0
 
 
 
0
 
 
 
0
 
 
 
0
 
 
 
0
 
 
 
0
 
 
 
0
 
 
 
0
 
 
 
0
 
 
 
0
 
 
 
0
 
 
 
0
 
 
 
0
 
 
 
0
 
 
 
0
 
 
 
0
 
 
 
0
 
 
 
0
 
 
 
0
 
 
 
0
 
 
 
0
 
 
 
0
 
 
 
0
 
 
 
0
 
 
 
0
 
 
 
0
 
 
 
0
 
Борисова
Анна
Михайловна
7
8
2004
Ж
22Б0790
2022
ИКБ
КБ-1
БББО-05-22
 
 
0
 
 
 
0
 
 
 
0
 
 
 
0
 
 
 
0
 
 
 
0
 
 
 
0
 
 
 
0
 
 
 
0
 
 
 
0
 
 
 
0
 
 
 
0
 
 
 
0
 
 
 
0
 
 
 
0
 
 
 
0
 
 
 
0
 
 
 
0
 
 
 
0
 
 
 
0
 
 
 
0
 
 
 
0
 
 
 
0
 
 
 
0
 
 
 
0
 
 
 
0
 
 
 
0
 
 
 
0
 
 
 
0
 
 
 
0
 
 
 
0
 
 
 
0
 
 
 
0
 
 
 
0
 
 
 
0
 
 
 
0
 
 
 
0
 
 
 
0
 
 
 
0
 
 
 
0
 
 
 
0
 
 
 
0
 
 
 
0
 
 
 
0
 
 
 
0
 
 
 
0
 
 
 
0
 
 
 
0
 
 
 
0
 
 
 
0
 
 
 
0
 
 
 
0
 
 
 
0
 
 
 
0
 
 
 
0
 
 
 
0
 
 
 
0
 
 
 
0
 
 
 
0
 
 
 
0
 
 
 
0
 
 
 
0
 
 
 
0
 
 
 
0
 
 
 
0
 
 
 
0
 
 
 
0
 
 
 
0
 
 
 
0
 
 
 
0
 
 
 
0
 
 
 
0
 
 
 
0
 
 
 
0
 
 
 
0
 
 
 
0
 
 
 
0
 
 
 
0
 
 
 
0
 
 
 
0
 
 
 
0
 
 
 
0
 
 
 
0
 
 
 
0
 
 
 
0
 
 
 
0
 
 
 
0
 
 
 
0
 
 
 
0
 
 
 
0
 
Анчиков
Тимофей
Андреевич
25
6
2005
М
22Б0788
2022
ИКБ
КБ-1
БББО-05-22
 
 
0
 
 
 
0
 
 
 
0
 
 
 
0
 
 
 
0
 
 
 
0
 
 
 
0
 
 
 
0
 
 
 
0
 
 
 
0
 
 
 
0
 
 
 
0
 
 
 
0
 
 
 
0
 
 
 
0
 
 
 
0
 
 
 
0
 
 
 
0
 
 
 
0
 
 
 
0
 
 
 
0
 
 
 
0
 
 
 
0
 
 
 
0
 
 
 
0
 
 
 
0
 
 
 
0
 
 
 
0
 
 
 
0
 
 
 
0
 
 
 
0
 
 
 
0
 
 
 
0
 
 
 
0
 
 
 
0
 
 
 
0
 
 
 
0
 
 
 
0
 
 
 
0
 
 
 
0
 
 
 
0
 
 
 
0
 
 
 
0
 
 
 
0
 
 
 
0
 
 
 
0
 
 
 
0
 
 
 
0
 
 
 
0
 
 
 
0
 
 
 
0
 
 
 
0
 
 
 
0
 
 
 
0
 
 
 
0
 
 
 
0
 
 
 
0
 
 
 
0
 
 
 
0
 
 
 
0
 
 
 
0
 
 
 
0
 
 
 
0
 
 
 
0
 
 
 
0
 
 
 
0
 
 
 
0
 
 
 
0
 
 
 
0
 
 
 
0
 
 
 
0
 
 
 
0
 
 
 
0
 
 
 
0
 
 
 
0
 
 
 
0
 
 
 
0
 
 
 
0
 
 
 
0
 
 
 
0
 
 
 
0
 
 
 
0
 
 
 
0
 
 
 
0
 
 
 
0
 
 
 
0
 
 
 
0
 
 
 
0
 
 
 
0
 
 
 
0
 
Акиньшина
Дарья
Александровна
3
4
2003
Ж
22Б0787
2022
ИКБ
КБ-1
БББО-05-22
 
 
0
 
 
 
0
 
 
 
0
 
 
 
0
 
 
 
0
 
 
 
0
 
 
 
0
 
 
 
0
 
 
 
0
 
 
 
0
 
 
 
0
 
 
 
0
 
 
 
0
 
 
 
0
 
 
 
0
 
 
 
0
 
 
 
0
 
 
 
0
 
 
 
0
 
 
 
0
 
 
 
0
 
 
 
0
 
 
 
0
 
 
 
0
 
 
 
0
 
 
 
0
 
 
 
0
 
 
 
0
 
 
 
0
 
 
 
0
 
 
 
0
 
 
 
0
 
 
 
0
 
 
 
0
 
 
 
0
 
 
 
0
 
 
 
0
 
 
 
0
 
 
 
0
 
 
 
0
 
 
 
0
 
 
 
0
 
 
 
0
 
 
 
0
 
 
 
0
 
 
 
0
 
 
 
0
 
 
 
0
 
 
 
0
 
 
 
0
 
 
 
0
 
 
 
0
 
 
 
0
 
 
 
0
 
 
 
0
 
 
 
0
 
 
 
0
 
 
 
0
 
 
 
0
 
 
 
0
 
 
 
0
 
 
 
0
 
 
 
0
 
 
 
0
 
 
 
0
 
 
 
0
 
 
 
0
 
 
 
0
 
 
 
0
 
 
 
0
 
 
 
0
 
 
 
0
 
 
 
0
 
 
 
0
 
 
 
0
 
 
 
0
 
 
 
0
 
 
 
0
 
 
 
0
 
 
 
0
 
 
 
0
 
 
 
0
 
 
 
0
 
 
 
0
 
 
 
0
 
 
 
0
 
 
 
0
 
 
 
0
 
 
 
0
 
 
 
0
 
Панарин
Илья
Евгеньевич
9
4
2004
М
22Б0799
2022
ИПТИП
Высшей математики и программирования
ЭФБО-01-22
Языки программирования
экзамен
5

Математический анализ
экзамен
5

Линейная алгебра
экзамен
5

Физическая культура
зачёт
0
зачёт
Иностранный язык
зачёт
0
зачёт
Основы информационной безопасности
зачёт
0
зачёт
Физика
экзамен
5

Информатика
экзамен
5

История
экзамен
5

Русский язык
зачёт
0
зачёт
 
 
0
 
 
 
0
 
 
 
0
 
 
 
0
 
 
 
0
 
 
 
0
 
 
 
0
 
 
 
0
 
 
 
0
 
 
 
0
 
 
 
0
 
 
 
0
 
 
 
0
 
 
 
0
 
 
 
0
 
 
 
0
 
 
 
0
 
 
 
0
 
 
 
0
 
 
 
0
 
 
 
0
 
 
 
0
 
 
 
0
 
 
 
0
 
 
 
0
 
 
 
0
 
 
 
0
 
 
 
0
 
 
 
0
 
 
 
0
 
 
 
0
 
 
 
0
 
 
 
0
 
 
 
0
 
 
 
0
 
 
 
0
 
 
 
0
 
 
 
0
 
 
 
0
 
 
 
0
 
 
 
0
 
 
 
0
 
 
 
0
 
 
 
0
 
 
 
0
 
 
 
0
 
 
 
0
 
 
 
0
 
 
 
0
 
 
 
0
 
 
 
0
 
 
 
0
 
 
 
0
 
 
 
0
 
 
 
0
 
 
 
0
 
 
 
0
 
 
 
0
 
 
 
0
 
 
 
0
 
 
 
0
 
 
 
0
 
 
 
0
 
 
 
0
 
 
 
0
 
 
 
0
 
 
 
0
 
 
 
0
 
 
 
0
 
 
 
0
 
 
 
0
 
 
 
0
 
 
 
0
 
 
 
0
 
 
 
0
 
 
 
0
 
 
 
0
 
 
 
0
 
 
 
0
 
 
 
0
 
Игнатович
Александра
Павловна
13
4
2004
Ж
22Б0418
2022
Институт кибербезопасности и цифровых технологий
КБ-1
БББО-07-22
Языки программирования
экзамен
5

Математический анализ
экзамен
5

Линейная алгебра
экзамен
5

Физическая культура
зачёт
0
зачёт
Иностранный язык
зачёт
0
зачёт
Физика
экзамен
5

История
экзамен
5

Основы информационной безопасности
зачёт
0
зачёт
Информатика
экзамен
5

Русский язык
зачёт
0
зачёт
 
 
0
 
 
 
0
 
 
 
0
 
 
 
0
 
 
 
0
 
 
 
0
 
 
 
0
 
 
 
0
 
 
 
0
 
 
 
0
 
 
 
0
 
 
 
0
 
 
 
0
 
 
 
0
 
 
 
0
 
 
 
0
 
 
 
0
 
 
 
0
 
 
 
0
 
 
 
0
 
 
 
0
 
 
 
0
 
 
 
0
 
 
 
0
 
 
 
0
 
 
 
0
 
 
 
0
 
 
 
0
 
 
 
0
 
 
 
0
 
 
 
0
 
 
 
0
 
 
 
0
 
 
 
0
 
 
 
0
 
 
 
0
 
 
 
0
 
 
 
0
 
 
 
0
 
 
 
0
 
 
 
0
 
 
 
0
 
 
 
0
 
 
 
0
 
 
 
0
 
 
 
0
 
 
 
0
 
 
 
0
 
 
 
0
 
 
 
0
 
 
 
0
 
 
 
0
 
 
 
0
 
 
 
0
 
 
 
0
 
 
 
0
 
 
 
0
 
 
 
0
 
 
 
0
 
 
 
0
 
 
 
0
 
 
 
0
 
 
 
0
 
 
 
0
 
 
 
0
 
 
 
0
 
 
 
0
 
 
 
0
 
 
 
0
 
 
 
0
 
 
 
0
 
 
 
0
 
 
 
0
 
 
 
0
 
 
 
0
 
 
 
0
 
 
 
0
 
 
 
0
 
 
 
0
 
 
 
0
 
Сандул
Анастасия
Вячеславовна
24
4
2004
Ж
21Т0622
2021
ИПТИП
Дизайна
ТХБО-01-21
Математический анализ
экзамен
4

Линейная алгебра 
экзамен
4

Моделирование
экзамен
5

Структурирование и сертификация
экзамен
5

Физическая культура
зачёт
0
зачёт
Иностранный язык
зачёт
0
зачёт
История
экзамен
5

Физика
экзамен
5

Русский язык
зачёт
0
зачёт
Правоведение
зачёт
0
зачёт
 
 
0
 
 
 
0
 
 
 
0
 
 
 
0
 
 
 
0
 
 
 
0
 
 
 
0
 
 
 
0
 
 
 
0
 
 
 
0
 
 
 
0
 
 
 
0
 
 
 
0
 
 
 
0
 
 
 
0
 
 
 
0
 
 
 
0
 
 
 
0
 
 
 
0
 
 
 
0
 
 
 
0
 
 
 
0
 
 
 
0
 
 
 
0
 
 
 
0
 
 
 
0
 
 
 
0
 
 
 
0
 
 
 
0
 
 
 
0
 
 
 
0
 
 
 
0
 
 
 
0
 
 
 
0
 
 
 
0
 
 
 
0
 
 
 
0
 
 
 
0
 
 
 
0
 
 
 
0
 
 
 
0
 
 
 
0
 
 
 
0
 
 
 
0
 
 
 
0
 
 
 
0
 
 
 
0
 
 
 
0
 
 
 
0
 
 
 
0
 
 
 
0
 
 
 
0
 
 
 
0
 
 
 
0
 
 
 
0
 
 
 
0
 
 
 
0
 
 
 
0
 
 
 
0
 
 
 
0
 
 
 
0
 
 
 
0
 
 
 
0
 
 
 
0
 
 
 
0
 
 
 
0
 
 
 
0
 
 
 
0
 
 
 
0
 
 
 
0
 
 
 
0
 
 
 
0
 
 
 
0
 
 
 
0
 
 
 
0
 
 
 
0
 
 
 
0
 
 
 
0
 
 
 
0
 
 
 
0
 
Верховец
Андрей
Александрович
6
4
2002
М
22Б0819
2022
ИКБ
КБ-8
БББО-08-22
Языки программирования
экзамен
3

Математический анализ
экзамен
3

Линейная алгебра
экзамен
3

История
экзамен
3

Физическая культура
зачёт
0
зачёт
Иностранный язык
экзамен
3

Основы информационной безопасности
зачёт
0
зачёт
Русский язык
зачёт
0
зачёт
Информатика
экзамен
3

Экономическая культура
зачёт
0
зачёт
 
 
0
 
 
 
0
 
 
 
0
 
 
 
0
 
 
 
0
 
 
 
0
 
 
 
0
 
 
 
0
 
 
 
0
 
 
 
0
 
 
 
0
 
 
 
0
 
 
 
0
 
 
 
0
 
 
 
0
 
 
 
0
 
 
 
0
 
 
 
0
 
 
 
0
 
 
 
0
 
 
 
0
 
 
 
0
 
 
 
0
 
 
 
0
 
 
 
0
 
 
 
0
 
 
 
0
 
 
 
0
 
 
 
0
 
 
 
0
 
 
 
0
 
 
 
0
 
 
 
0
 
 
 
0
 
 
 
0
 
 
 
0
 
 
 
0
 
 
 
0
 
 
 
0
 
 
 
0
 
 
 
0
 
 
 
0
 
 
 
0
 
 
 
0
 
 
 
0
 
 
 
0
 
 
 
0
 
 
 
0
 
 
 
0
 
 
 
0
 
 
 
0
 
 
 
0
 
 
 
0
 
 
 
0
 
 
 
0
 
 
 
0
 
 
 
0
 
 
 
0
 
 
 
0
 
 
 
0
 
 
 
0
 
 
 
0
 
 
 
0
 
 
 
0
 
 
 
0
 
 
 
0
 
 
 
0
 
 
 
0
 
 
 
0
 
 
 
0
 
 
 
0
 
 
 
0
 
 
 
0
 
 
 
0
 
 
 
0
 
 
 
0
 
 
 
0
 
 
 
0
 
 
 
0
 
 
 
0
 
